 PID    UID    VSZ    RSS
   1      0    480    240
   2      0      0      0
   3      0      0      0
   4      0      0      0
   5      0      0      0
   6      0      0      0
  10      0      0      0
  11      0      0      0
  59      0   1404    592
  62      0   1344    448
 167      0   1372    512
1545      0      0      0
1568      0   1376    520
1575      0   1460    564
1578      0   4900   2108
1581     25   4788   1944
1585   1000   2660   1552
1586      0   2624   1516
1587      0   1336    468
1588      0   1336    468
1589      0   1336    468
1590      0   1336    468
1867   1000   1552    468
